          Date    model newsNum forumNum estoreNum bdindexNum bdsearchNum sales
1   2016-11-01 iphone6s      31       15       151      84192          NA 57422
2   2016-11-02 iphone6s      60       13       208      85955          NA 57022
3   2016-11-03 iphone6s      68       12       141      84172          NA 56725
4   2016-11-04 iphone6s      23       20       146      86276   316310000 56896
5   2016-11-05 iphone6s      22        8       153      85783   316200000 56234
6   2016-11-06 iphone6s      17       13       157      87605   316000000 55964
7   2016-11-07 iphone6s      69        6       139      88485   315590000 55666
8   2016-11-08 iphone6s      74       20       211      84731   315580000 55639
9   2016-11-09 iphone6s     195       12       170      80713   315710000 53271
10  2016-11-10 iphone6s      78       12       166      81138   316280000 55490
11  2016-11-11 iphone6s      89       19       365      82790   321350000 54294
12  2016-11-12 iphone6s      22       22       134      78169   317500000 56154
13  2016-11-13 iphone6s      89        9       142      80221   318970000 55690
14  2016-11-14 iphone6s     103       25       139      81181   319250000 18817
15  2016-11-15 iphone6s     135       18       175      79146   319490000 18517
16  2016-11-16 iphone6s     108       10       156      80347   319470000 18232
17  2016-11-17 iphone6s     103        9       170      77804   320230000 17897
18  2016-11-18 iphone6s      79       16       157      73088   324150000 17513
19  2016-11-19 iphone6s      98       15       125      75189   324090000 17169
20  2016-11-20 iphone6s      20       11       166      73663   324530000     0
21  2016-11-21 iphone6s     174       32       146      83171   324760000 16176
22  2016-11-22 iphone6s     192        5       151      82377   325920000 15631
23  2016-11-23 iphone6s     148        8       112      79321   326620000 15274
24  2016-11-24 iphone6s      86       17        99      78958   330990000 14902
25  2016-11-25 iphone6s     120        7       134      72552   333270000 14504
26  2016-11-26 iphone6s      34       17        89      73650   333010000 14157
27  2016-11-27 iphone6s      14       12        64      71944   334570000     0
28  2016-11-28 iphone6s      71       28        94      70098   334480000 12727
29  2016-11-29 iphone6s      93       26        93      69274   335810000 13056
30  2016-11-30 iphone6s      80       26        75      66936   336510000 12908
31  2016-12-01 iphone6s      72       41       114      68936   337110000 12568
32  2016-12-02 iphone6s     125       19       183      70909   398980000  9060
33  2016-12-03 iphone6s     123       13       151      79599   391610000  8972
34  2016-12-04 iphone6s      63       10       142      76313   391810000     0
35  2016-12-05 iphone6s     136        7       131      72745   400670000 41911
36  2016-12-06 iphone6s      95       18       147      68519   399830000  8917
37  2016-12-07 iphone6s     158        9       152      67990          NA     0
38  2016-12-08 iphone6s     104       17       149      67971   367490000     0
39  2016-12-09 iphone6s     179       25       110      68262   397530000  8599
40  2016-12-10 iphone6s      27        7        89      71828   345890000  8577
41  2016-12-11 iphone6s      20        7        97      71457   379933000  7616
42  2016-12-12 iphone6s      68        4       154      69395   395733000  6183
43  2016-12-13 iphone6s      68       16       119      70178   381781000 11337
44  2016-12-14 iphone6s     158       16       122      68308   391904000  6521
45  2016-12-15 iphone6s      92       19       121      66741   397634000  6494
46  2016-12-16 iphone6s     116        8       122      66720   394672000  6470
47  2016-12-17 iphone6s      29        6       116      69761   399503000  6439
48  2016-12-18 iphone6s      30       12        92      69622   385203000  6378
49  2016-12-19 iphone6s      64       36       120      69001   397976000  6281
50  2016-12-20 iphone6s      90        9        83      67706          NA    NA
51  2016-12-21 iphone6s      29       13        85      68933    53320000 11926
52  2016-12-22 iphone6s      14       11        98      67004          NA 16178
53  2016-12-23 iphone6s      39       19        71      65712          NA  6077
54  2016-12-24 iphone6s      38        3       103      66608   388962000 11000
55  2016-12-25 iphone6s      11        4        66      70943   388292000 10000
56  2016-12-26 iphone6s      34       10        75      69515   421841000 12873
57  2016-12-27 iphone6s      22       13        92      65626   371392000  5904
58  2016-12-28 iphone6s      33       NA        96      64264   388192000 16908
59  2016-12-29 iphone6s     130        8        67      64332   353073000 16844
60  2016-12-30 iphone6s      41        3       120      66124   385473000 16761
61  2016-12-31 iphone6s       3       10        50      69333   385273000  5698
62  2017-01-01 iphone6s       9        8        74      72806   355273000  5647
63  2017-01-02 iphone6s      19       10        92      72212   387485000  5721
64  2017-01-03 iphone6s      29        6       113      69600   370965000 16751
65  2017-01-04 iphone6s      25        6        75      68488   386365000 16659
66  2017-01-05 iphone6s      57       16       131      66766   386165000 16583
67  2017-01-06 iphone6s      56        6        76      67694   385466000  5572
68  2017-01-07 iphone6s      27        4        86      68096   366666000  5665
69  2017-01-08 iphone6s      13        5       104      68027   380266000  5771
70  2017-01-09 iphone6s      43        4       100      64862   365096000 10235
71  2017-01-10 iphone6s      54       11        86      62347   381966000 16741
72  2017-01-11 iphone6s      17       13       113      66436   382984000 16406
73  2017-01-12 iphone6s       7        1        88      67302   393124000 10412
74  2017-01-13 iphone6s      27        8        88      64620   395734000 13798
75  2017-01-14 iphone6s      25        9       103      66108   379534000 10318
76  2017-01-15 iphone6s       2        2        95      65674   395736000  8300
77  2017-01-16 iphone6s      30        7       117      65683   394976000 14880
78  2017-01-17 iphone6s      60        8        75      63996   394976000 15840
79  2017-01-18 iphone6s      49        6        64      65888   394976000 14583
80  2017-01-19 iphone6s      41       15       112      64314   374655000  8205
81  2017-01-20 iphone6s      51        6       122      61871   378885000  4506
82  2017-01-21 iphone6s      17       11        78      62980   394565000  4451
83  2017-01-22 iphone6s      22        6        97      64113   394665000 13451
84  2017-01-23 iphone6s      11        7        76      62662   394666000  4330
85  2017-01-24 iphone6s      28        8        58      62657   362366000 13351
86  2017-01-25 iphone6s       6        3        43      59736   394686000  8633
87  2017-01-26 iphone6s      15       11        45      56863   375026000  9458
88  2017-01-27     <NA>      NA        1         9      46934   393616000  9742
89  2017-01-28 iphone6s       8        1        29      52831   393610000  8928
90  2017-01-29 iphone6s       4        5        20      57936   393650000  5329
91  2017-01-30 iphone6s       5        7        25      61190   379518000 11200
92  2017-01-31 iphone6s       2        4        46      62756   393698000 10979
93  2017-02-01 iphone6s       5        5        22      66372   393962000 10381
94  2017-02-02 iphone6s      17        4        43      68498   395123000 10030
95  2017-02-03 iphone6s      24        2        35      72201   377710000  9919
96  2017-02-04 iphone6s       2       14        48      71680   390831000  7990
97  2017-02-05 iphone6s       2        4       119      69790   375901000  9702
98  2017-02-06 iphone6s      38       12        46      71658   390484000  7858
99  2017-02-07 iphone6s      43       14        66      70947   379004000  9203
100 2017-02-08 iphone6s      46       25        84      71281   394834000  9642
101 2017-02-09 iphone6s      32       25       123      68963   394834000  9744
102 2017-02-10 iphone6s      48       18        58      65550   392364000  2054
103 2017-02-11 iphone6s      28       31        88      61612   394940000  2031
104 2017-02-12 iphone6s       7       16        63      62689   397940000  1972
105 2017-02-13 iphone6s      13       14       118      61708   381640000  9068
106 2017-02-14 iphone6s       9        2        72      57501   398050000  8957
107 2017-02-15 iphone6s      38       10        47      60377   396893000  8680
108 2017-02-16 iphone6s      22        6        53      59634   382173000    NA
109 2017-02-17 iphone6s      61        1        80      60424   384143000  8576
110 2017-02-18 iphone6s      14        6        64      60912   400943000    NA
111 2017-02-19 iphone6s       5        6       169      60833   401033000    NA
112 2017-02-20 iphone6s      20       15        56      60542   384796000  8129
113 2017-02-21 iphone6s      19       17        57      60670   403786000  8663
114 2017-02-22 iphone6s      24       16        70      60549   394586000  8790
115 2017-02-23 iphone6s      26       11        48      58287   402116000  8861
116 2017-02-24 iphone6s     115       24       102      57378   434560000  9138
117 2017-02-25 iphone6s      10        7        70      60868   441160000  1777
118 2017-02-26 iphone6s      15       NA        57      59604   575940000  1825
119 2017-02-27 iphone6s      52        7        40      55502   553740000  9539
120 2017-02-28 iphone6s      41       11        59      53661   575130000  9710
121 2017-03-01 iphone6s      19       10        61      53799   551440000  9794
122 2017-03-02 iphone6s      42       10        50      52932   548840000  9964
123 2017-03-03 iphone6s      17       15        26      52228   554220000 10075
124 2017-03-04 iphone6s      19        8        56      53586   554220000  2131
125 2017-03-05 iphone6s       6        2        49      53880   553940000  2139
126 2017-03-06 iphone6s       8       10        46      53257   553530000  2127
127 2017-03-07 iphone6s      24       NA        33      50376   560790000  9614
128 2017-03-08 iphone6s      24       NA        34      48450   568800000  9538
129 2017-03-09 iphone6s      31        5        24      48610   568880000  9474
130 2017-03-10 iphone6s      26        4        18      49402   570360000  9217
131 2017-03-11     <NA>      NA       NA        NA      51252   594500000  2068